
TITLE
Std sim

SIM
30

-CONFIG
Lorentz Motion
0.1
0.000001
RK4 Euler

CONFIG
B Field
[-1.5,-1.2,-1.2]
[1.5,1.2,1.2]
0.2


-P
[0,0,0]
[0,0.0001,0]
1e-19
1e-30

C
[0,0,0]
[1,0,0]
1
6e5


C
[0.5,0,0]
[1,0,0]
1
6e5


C
[-0.5,0,0]
[1,0,0]
1
6e5


C
[1,0,0]
[1,0,0]
1
6e5


C
[-1,0,0]
[1,0,0]
1
6e5

#

C
[0,1,0]
[-1,0,0]
0.5
6e5


C
[-1,0,0]
[0,-1,0]
0.5
6e5


C
[0,-1,0]
[1,0,0]
0.5
6e5

CSC

-C
[0,0,-0.5]
[0,0,1]
0.1
6e6

-C
[0,0,0]
[0,0,1]
0.1
6e6

-C
[0,0,0.5]
[0,0,-1]
0.1
6e6

PF

-C
[0,0,0]
[0,0,1]
0.5
6e5


-C
[0,0,0]
[0,0,1]
1.5
6e5

-C
[0,0,1]
[0,0,-1]
1
6e5

-C
[0,0,-1]
[0,0,-1]
1
6e5

#

CONFIG
B Field
[-1,-1,-1]
[1,1,1]
0.1

#

CONFIG
B Field
[-6,-6,-6]
[6,6,6]
0.5


C
[1,0,0]
[0,1,0]
1
1e5


C
[0,1,0]
[-1,0,0]
1
1e5


C
[-1,0,0]
[0,-1,0]
1
1e5


C
[0,-1,0]
[1,0,0]
1
1e5

#


TITLE
Std sim

SIM
30

CONFIG
Lorentz Motion
30
0.01
RK4 Euler

P
[1,0,0]
[0,10,0]
-1
1e-5

C
[1,0,0]
[0,1,0]
0.5
1e3

C
[0.707,0.707,0]
[-0.707,0.707,0]
0.5
1e3

C
[0,1,0]
[-1,0,0]
0.5
1e3

C
[-0.707,0.707,0]
[0.707,-0.707,0]
0.5
1e3

C
[-1,0,0]
[0,-1,0]
0.5
1e3

C
[-0.707,-0.707,0]
[0.707,-0.707,0]
0.5
1e3

C
[0,-1,0]
[1,0,0]
0.5
1e3

C
[0.707,-0.707,0]
[0.707,0.707,0]
0.5
1e3

#


CONFIG
Static
[0,-3,0]
[0,-2,0]
[0,-1,0]
[0,0,0]
[0,1,0]
[0,2,0]
[0,3,0]



C
[1,0,0]
[0,1,0]
1
1e5


C
[0.707,0.707,0]
[-0.707,0.707,0]
1
1e5

C
[0,1,0]
[-1,0,0]
1
1e5

C
[-0.707,0.707,0]
[-0.707,-0.707,0]
1
1e5

C
[-1,0,0]
[0,-1,0]
1
1e5

C
[-0.707,-0.707,0]
[0.707,-0.707,0]
1
1e5

C
[0,-1,0]
[1,0,0]
1
1e5

C
[0.707,-0.707,0]
[0.707,0.707,0]
1
1e5


#

CONFIG
B Field
[-10,-10,-3]
[10,10,3]
0.5


C
[1,0,0]
[0,1,0]
1
1e5



C
[0,1,0]
[-1,0,0]
1
1e5



C
[-1,0,0]
[0,-1,0]
1
1e5


C
[0,-1,0]
[1,0,0]
1
1e5




#

CONFIG
B Field
[-10,-10,0]
[10,10,0.6]
0.5


C
[1,0,0]
[0,1,0]
1
1e5


C
[0.707,0.707,0]
[-0.707,0.707,0]
1
1e5

C
[0,1,0]
[-1,0,0]
1
1e5

C
[-0.707,0.707,0]
[-0.707,-0.707,0]
1
1e5

C
[-1,0,0]
[0,-1,0]
1
1e5

C
[-0.707,-0.707,0]
[0.707,-0.707,0]
1
1e5

C
[0,-1,0]
[1,0,0]
1
1e5

C
[0.707,-0.707,0]
[0.707,0.707,0]
1
1e5

#
C
[1,0,0]
[0,1,0]
0.5
1e5

C
[0.924,0.383,0]
[-0.383,0.924,0]
0.5
1e5

C
[0.707,0.707,0]
[-0.707,0.707,0]
0.5
1e5

C
[0.383,0.924,0]
[-0.924,0.383,0]
0.5
1e5

C
[0,1,0]
[-1,0,0]
0.5
1e5

C
[-0.383,0.924,0]
[-0.924,-0.383,0]
0.5
1e5

C
[-0.707,0.707,0]
[-0.707,-0.707,0]
0.5
1e5

C
[-0.924,0.383,0]
[-0.383,-0.924,0]
0.5
1e5

C
[-1,0,0]
[0,-1,0]
0.5
1e5

C
[-0.924,-0.383,0]
[0.383,-0.924,0]
0.5
1e5

C
[-0.707,-0.707,0]
[0.707,-0.707,0]
0.5
1e5

C
[-0.383,-0.924,0]
[0.924,-0.383,0]
0.5
1e5

C
[0,-1,0]
[1,0,0]
0.5
1e5

C
[0.383,-0.924,0]
[0.924,0.383,0]
0.5
1e5

C
[0.707,-0.707,0]
[0.707,0.707,0]
0.5
1e5

C
[0.924,-0.383,0]
[0.383,0.924,0]
0.5
1e5

; Additional 16 coils to complete the 32

C
[0.9816,0.1908,0]
[-0.1908,0.9816,0]
0.5
1e5

C
[0.8315,0.5556,0]
[-0.5556,0.8315,0]
0.5
1e5

C
[0.5556,0.8315,0]
[-0.8315,0.5556,0]
0.5
1e5

C
[0.1908,0.9816,0]
[-0.9816,0.1908,0]
0.5
1e5

C
[-0.1908,0.9816,0]
[-0.9816,-0.1908,0]
0.5
1e5

C
[-0.5556,0.8315,0]
[-0.8315,-0.5556,0]
0.5
1e5

C
[-0.8315,0.5556,0]
[-0.5556,-0.8315,0]
0.5
1e5

C
[-0.9816,0.1908,0]
[-0.1908,-0.9816,0]
0.5
1e5

C
[-0.9816,-0.1908,0]
[0.1908,-0.9816,0]
0.5
1e5

C
[-0.8315,-0.5556,0]
[0.5556,-0.8315,0]
0.5
1e5

C
[-0.5556,-0.8315,0]
[0.8315,-0.5556,0]
0.5
1e5

C
[-0.1908,-0.9816,0]
[0.9816,-0.1908,0]
0.5
1e5

C
[0.1908,-0.9816,0]
[0.9816,0.1908,0]
0.5
1e5

C
[0.5556,-0.8315,0]
[0.8315,0.5556,0]
0.5
1e5

C
[0.8315,-0.5556,0]
[0.5556,0.8315,0]
0.5
1e5

C
[0.9816,-0.1908,0]
[0.1908,0.9816,0]
0.5
1e5


#

CONFIG
Static
[0,0,0]
[0.5,0,0]
[1,0,0]
[2,0,0]
[3,0,0]
[4,0,0]
[5,0,0]
[6,0,0]
[7,0,0]
[8,0,0]
[9,0,0]
[10,0,0]
[11,0,0]
[12,0,0]
[13,0,0]
[14,0,0]
[15,0,0]
[16,0,0]
[17,0,0]
[18,0,0]
[19,0,0]
[20,0,0]



C
[1,0,0]
[0,1,0]
0.5
1e5


C
[0.707,0.707,0]
[-0.707,0.707,0]
0.5
1e5

C
[0,1,0]
[-1,0,0]
0.5
1e5

C
[-0.707,0.707,0]
[-0.707,-0.707,0]
0.5
1e5

C
[-1,0,0]
[0,-1,0]
0.5
1e5

C
[-0.707,-0.707,0]
[0.707,-0.707,0]
0.5
1e5

C
[0,-1,0]
[1,0,0]
0.5
1e5

C
[0.707,-0.707,0]
[0.707,0.707,0]
0.5
1e5

#
CONFIG
B Field
[-20,-20,0]
[20,20,0.6]
0.5
#

TITLE
Std sim

SIM
30

CONFIG
Lorentz Motion
30
0.01
RK4 Euler

P
[1,0,0]
[0,1,0]
-1
1e-5

C
[1,0,0]
[0,1,0]
0.5
1e3

C
[0.707,0.707,0]
[-0.707,0.707,0]
0.5
1e3

C
[0,1,0]
[-1,0,0]
0.5
1e3

C
[-0.707,0.707,0]
[0.707,-0.707,0]
0.5
1e3

C
[-1,0,0]
[0,-1,0]
0.5
1e3

C
[-0.707,-0.707,0]
[0.707,-0.707,0]
0.5
1e3

C
[0,-1,0]
[1,0,0]
0.5
1e3

C
[0.707,-0.707,0]
[0.707,0.707,0]
0.5
1e3

#

#
TITLE
Std sim

SIM
30

CONFIG
Lorentz Motion
10
0.01
RK4 Euler

P
[1,1,1]
[-2,2,0]
-1
1e-5


C
[-1,-1,-1]
[1,-1,0]
1
1e3

C
[-1,1,0]
[-1,-1,-1]
1
1e3

C
[1,-1,0]
[1,1,1]
1
1e3

C
[1.01,1.01,1.01]
[-1,1,0]
1
1e3

#

TITLE
Static sim

CONFIG
Static
[0,0,0]
[-1,0,0]
[1,0,0]
[1,1,1]

C
[0,0,0]
[0,0,1]
1
1e5

#

#


#

C
[0,0,-1]
[0,0,1]
1
1e3

C
[0,0,1]
[0,0,1]
1
1e3



#
#
#
#
#
#
#
#
#
